ABE	20.49214659685864	794.0	-11.0
ABI	25.785714285714285	263.0	-11.0
ABQ	8.55483870967742	911.0	-18.0
ABR	36.24193548387097	1259.0	-13.0
ABY	10.012195121951219	291.0	-21.0
ACT	12.951923076923077	202.0	-17.0
ACV	10.16304347826087	578.0	-17.0
ACY	7.706744868035191	670.0	-21.0
ADK	0.6666666666666666	41.0	-34.0
ADQ	-6.071428571428571	73.0	-28.0
AEX	11.554263565891473	354.0	-20.0
AGS	20.97422680412371	1130.0	-11.0
ALB	11.754889178617992	981.0	-21.0
AMA	4.415322580645161	298.0	-15.0
ANC	3.6189697465249386	1195.0	-48.0
APN	19.03846153846154	278.0	-19.0
ASE	31.63597122302158	1110.0	-20.0
ATL	15.070807618289203	1470.0	-22.0
ATW	24.854460093896712	1065.0	-16.0
AUS	8.724110248862724	1246.0	-22.0
AVL	14.627358490566039	425.0	-14.0
AVP	32.04	783.0	-18.0
AZO	9.326797385620916	268.0	-20.0
BDL	6.647024841132294	549.0	-20.0
BET	-2.4819277108433737	72.0	-27.0
BFL	-2.5168539325842696	290.0	-20.0
BGM	9.017241379310345	216.0	-15.0
BHM	13.74561403508772	1068.0	-18.0
BIL	7.033333333333333	340.0	-19.0
BIS	10.407407407407407	189.0	-18.0
BJI	0.3709677419354839	65.0	-15.0
BLI	8.171052631578947	324.0	-21.0
BMI	29.517857142857142	1458.0	-18.0
BNA	8.700802265219442	1447.0	-20.0
BOI	14.527317880794701	889.0	-22.0
BOS	9.020410321489003	1545.0	-28.0
BPT	22.857142857142858	129.0	-6.0
BQK	23.518072289156628	343.0	-9.0
BQN	9.962732919254659	351.0	-23.0
BRD	11.433962264150944	271.0	-12.0
BRO	7.39622641509434	428.0	-19.0
BRW	-2.725	160.0	-29.0
BTM	21.603448275862068	562.0	-16.0
BTR	22.215533980582524	565.0	-21.0
BTV	10.602112676056338	540.0	-18.0
BUF	7.27773695811903	899.0	-23.0
BUR	12.06808943089431	435.0	-20.0
BWI	8.51032949790795	1934.0	-20.0
BZN	9.418338108882521	425.0	-24.0
CAE	15.855828220858896	408.0	-15.0
CAK	8.733598409542743	337.0	-22.0
CDC	6.30188679245283	162.0	-20.0
CDV	-13.2	19.0	-38.0
CHA	23.14390243902439	1333.0	-14.0
CHO	16.5	310.0	-22.0
CHS	11.391849529780565	1480.0	-29.0
CID	15.75	602.0	-21.0
CIU	7.241379310344827	220.0	-14.0
CLE	12.000766577232657	1024.0	-25.0
CLL	9.916666666666666	418.0	-20.0
CLT	5.360332409972299	1013.0	-23.0
CMH	9.635444385311336	470.0	-18.0
CMX	20.93548387096774	444.0	-14.0
COD	5.639344262295082	185.0	-17.0
COS	10.471063257065948	647.0	-21.0
CPR	4.102941176470588	419.0	-25.0
CRP	3.658291457286432	348.0	-17.0
CRW	18.042105263157893	451.0	-20.0
CSG	14.30379746835443	232.0	-11.0
CVG	8.966346153846153	426.0	-20.0
CWA	6.39344262295082	180.0	-19.0
DAB	11.602649006622517	462.0	-19.0
DAL	10.512833588305286	770.0	-17.0
DAY	10.16445623342175	472.0	-19.0
DCA	8.171705553729872	1201.0	-25.0
DEN	13.149794480328831	1034.0	-23.0
DFW	10.955501829587035	1255.0	-19.0
DHN	18.47787610619469	263.0	-13.0
DLH	6.588888888888889	442.0	-27.0
DRO	14.445454545454545	918.0	-30.0
DSM	10.49561403508772	705.0	-18.0
DTW	13.252297841578024	990.0	-23.0
DVL	8.018867924528301	194.0	-18.0
EAU	-1.9310344827586208	45.0	-25.0
ECP	14.31868131868132	365.0	-14.0
EGE	25.17554858934169	1399.0	-23.0
EKO	54.35849056603774	1010.0	-11.0
ELM	26.785714285714285	411.0	-11.0
ELP	8.300646551724139	609.0	-23.0
ERI	5.152380952380953	147.0	-16.0
ESC	36.35849056603774	839.0	-12.0
EUG	13.884328358208956	391.0	-18.0
EVV	5.170940170940171	281.0	-17.0
EWN	21.071428571428573	506.0	-12.0
EWR	16.808061213492834	680.0	-24.0
EYW	11.39572192513369	293.0	-13.0
FAI	5.855491329479769	595.0	-23.0
FAR	6.384236453201971	180.0	-17.0
FAT	12.045925925925927	601.0	-30.0
FAY	13.428571428571429	400.0	-11.0
FCA	11.361581920903955	312.0	-16.0
FLG	0.22580645161290322	123.0	-17.0
FLL	13.73030189151948	1034.0	-20.0
FNT	9.315508021390375	286.0	-13.0
FSD	12.00268817204301	384.0	-17.0
FSM	25.123595505617978	506.0	-17.0
FWA	12.732843137254902	418.0	-22.0
GCC	14.426966292134832	662.0	-21.0
GCK	6.903225806451613	452.0	-25.0
GEG	5.4263657957244655	463.0	-23.0
GFK	8.217821782178218	195.0	-13.0
GGG	44.125	210.0	0.0
GJT	-0.34810126582278483	231.0	-16.0
GNV	23.40740740740741	1005.0	-13.0
GPT	16.81025641025641	510.0	-14.0
GRB	20.279605263157894	961.0	-13.0
GRI	15.60344827586207	428.0	-24.0
GRK	16.94	598.0	-14.0
GRR	11.50498338870432	358.0	-25.0
GSO	14.040760869565217	379.0	-14.0
GSP	11.920353982300885	824.0	-16.0
GTF	-1.7555555555555555	140.0	-12.0
GTR	11.548780487804878	227.0	-13.0
GUC	17.80952380952381	225.0	-21.0
GUM	10.064516129032258	40.0	-14.0
HDN	34.21808510638298	1199.0	-25.0
HIB	-0.5	383.0	-58.0
HLN	14.596491228070175	647.0	-12.0
HNL	4.868994486741927	933.0	-19.0
HOB	7.98	183.0	-22.0
HOU	10.172444444444444	365.0	-15.0
HPN	14.5	430.0	-18.0
HRL	8.201086956521738	246.0	-11.0
HSV	9.275618374558304	434.0	-25.0
HYS	5.830188679245283	228.0	-15.0
IAD	9.435917413322946	466.0	-19.0
IAG	12.661290322580646	252.0	-18.0
IAH	10.773808422026839	1361.0	-25.0
ICT	10.553353658536585	852.0	-27.0
IDA	15.703910614525139	487.0	-21.0
ILM	6.239024390243903	389.0	-17.0
IMT	18.24561403508772	1030.0	-21.0
IND	7.241842610364683	460.0	-22.0
INL	5.7924528301886795	417.0	-25.0
ISN	1.4761904761904763	296.0	-20.0
ISP	6.28042328042328	246.0	-11.0
ITH	6.793103448275862	151.0	-16.0
ITO	-0.43089430894308944	286.0	-24.0
JAC	29.771260997067447	1123.0	-23.0
JAN	9.6938202247191	330.0	-18.0
JAX	7.579646017699115	1005.0	-20.0
JFK	12.812467733608674	1301.0	-19.0
JMS	2.6547619047619047	186.0	-59.0
JNU	2.080246913580247	375.0	-27.0
KOA	4.587949465500486	235.0	-24.0
KTN	0.8901098901098901	313.0	-35.0
LAN	15.5390625	401.0	-26.0
LAR	5.622641509433962	267.0	-29.0
LAS	15.512853367502203	1002.0	-24.0
LAW	72.2258064516129	1322.0	-14.0
LAX	18.3898579184475	1080.0	-20.0
LBB	8.680216802168022	679.0	-16.0
LBE	0.11827956989247312	104.0	-18.0
LCH	17.28787878787879	1045.0	-19.0
LEX	19.008247422680412	895.0	-20.0
LFT	11.348920863309353	860.0	-27.0
LGA	12.319545823195458	914.0	-24.0
LGB	15.462471569370736	437.0	-19.0
LIH	3.543950361944157	822.0	-26.0
LIT	7.833333333333333	336.0	-18.0
LNK	13.359375	1032.0	-23.0
LRD	8.421052631578947	501.0	-22.0
LSE	-7.363636363636363	2.0	-16.0
LWS	37.0	891.0	-22.0
MAF	8.61587982832618	1402.0	-19.0
MBS	14.915254237288135	487.0	-23.0
MCI	9.080944350758854	1448.0	-24.0
MCO	11.732715544653402	972.0	-24.0
MDT	18.75409836065574	685.0	-22.0
MDW	9.488055639552465	1030.0	-17.0
MEI	3.5714285714285716	272.0	-34.0
MEM	10.126614987080103	950.0	-21.0
MFE	7.230769230769231	327.0	-17.0
MFR	25.369668246445496	917.0	-19.0
MGM	17.625	466.0	-17.0
MHT	8.218253968253968	371.0	-14.0
MIA	12.441790040376851	1072.0	-17.0
MKE	11.640284922833398	1074.0	-32.0
MKG	1.0862068965517242	202.0	-20.0
MLB	16.67543859649123	958.0	-8.0
MLI	13.553097345132743	526.0	-17.0
MLU	17.166666666666668	839.0	-20.0
MMH	2.193548387096774	59.0	-17.0
MOB	9.956120092378752	428.0	-28.0
MOT	18.349397590361445	863.0	-19.0
MQT	12.96551724137931	254.0	-17.0
MRY	8.786290322580646	397.0	-23.0
MSN	12.6352	417.0	-20.0
MSO	10.02836879432624	534.0	-18.0
MSP	12.170409648575587	991.0	-21.0
MSY	8.470504821327284	879.0	-25.0
MTJ	23.040816326530614	1970.0	-26.0
MYR	6.5227272727272725	267.0	-21.0
OAJ	19.597701149425287	466.0	-10.0
OAK	13.700603318250376	366.0	-25.0
OGG	6.738430583501006	1007.0	-25.0
OKC	7.31864406779661	432.0	-23.0
OMA	8.830976863753213	1277.0	-28.0
OME	10.01639344262295	202.0	-26.0
ONT	12.556537102473499	352.0	-21.0
ORD	13.545043126397614	1087.0	-24.0
ORF	8.385135135135135	455.0	-18.0
ORH	4.967741935483871	126.0	-19.0
OTH	24.88888888888889	260.0	-14.0
OTZ	6.409836065573771	154.0	-26.0
PAH	-0.5862068965517241	125.0	-19.0
PBG	6.548387096774194	164.0	-20.0
PBI	13.803030303030303	980.0	-24.0
PDX	10.165323458941407	504.0	-22.0
PGD	32.517857142857146	480.0	-22.0
PHF	15.954022988505747	594.0	-7.0
PHL	7.946025685525859	501.0	-23.0
PHX	8.212566945764502	589.0	-22.0
PIA	7.945606694560669	298.0	-26.0
PIB	4.415094339622642	282.0	-15.0
PIH	33.375	1475.0	-19.0
PIT	5.627432368296156	786.0	-22.0
PLN	8.675675675675675	270.0	-30.0
PNS	7.3271889400921655	348.0	-20.0
PPG	-10.3	0.0	-23.0
PSC	10.61952861952862	307.0	-22.0
PSE	10.2	391.0	-20.0
PSG	-3.870967741935484	271.0	-38.0
PSP	12.983	386.0	-22.0
PVD	4.366071428571429	365.0	-20.0
PWM	12.61323155216285	748.0	-18.0
RAP	7.194805194805195	474.0	-22.0
RDD	21.386363636363637	629.0	-16.0
RDM	18.145228215767634	526.0	-21.0
RDU	10.433431952662723	1325.0	-19.0
RHI	-1.5730337078651686	235.0	-56.0
RIC	17.3078125	1043.0	-20.0
RKS	-1.3157894736842106	70.0	-17.0
RNO	13.5169779286927	787.0	-18.0
ROA	26.14917127071823	514.0	-19.0
ROC	11.555371900826445	1030.0	-16.0
ROW	-3.764705882352941	117.0	-24.0
RST	25.73	1228.0	-15.0
RSW	7.665039658328249	805.0	-24.0
SAF	2.0930232558139537	287.0	-20.0
SAN	12.740904776969314	1335.0	-26.0
SAT	9.476739562624255	579.0	-19.0
SAV	11.824295010845987	425.0	-23.0
SBA	10.396313364055299	595.0	-22.0
SBN	18.58005249343832	403.0	-24.0
SBP	14.88888888888889	379.0	-19.0
SCC	1.8548387096774193	203.0	-35.0
SCE	20.697674418604652	392.0	-13.0
SDF	9.552523874488404	372.0	-20.0
SEA	9.174797550859175	882.0	-22.0
SFO	19.066325378303095	958.0	-21.0
SGF	10.790909090909091	222.0	-19.0
SGU	4.601092896174864	224.0	-15.0
SHV	18.006237006237008	449.0	-22.0
SIT	4.619565217391305	390.0	-23.0
SJC	11.179852176293457	610.0	-25.0
SJT	14.709677419354838	141.0	-15.0
SJU	8.470685383980182	1283.0	-31.0
SLC	14.982521710453996	2755.0	-23.0
SMF	12.727625298329356	1133.0	-22.0
SNA	10.937295690936107	523.0	-24.0
SPI	20.321428571428573	480.0	-25.0
SPS	10.386363636363637	283.0	-18.0
SRQ	10.019292604501608	799.0	-22.0
STL	9.05578202102553	762.0	-23.0
STT	7.847389558232932	1266.0	-27.0
STX	1.1363636363636365	239.0	-27.0
SUN	13.485294117647058	350.0	-18.0
SWF	4.290322580645161	137.0	-20.0
SYR	14.428571428571429	1062.0	-19.0
TKI	45.0	45.0	45.0
TLH	24.266666666666666	993.0	-9.0
TPA	8.707304700710178	830.0	-27.0
TRI	13.570552147239264	415.0	-14.0
TTN	16.352941176470587	613.0	-20.0
TUL	4.724675324675324	381.0	-17.0
TUS	9.012448132780083	373.0	-21.0
TVC	30.759615384615383	1470.0	-19.0
TWF	25.872	460.0	-13.0
TXK	9.92156862745098	215.0	-21.0
TYR	6.375	58.0	-7.0
TYS	11.290145985401459	477.0	-18.0
VLD	16.563218390804597	366.0	-13.0
VPS	22.653543307086615	1244.0	-14.0
WRG	5.225806451612903	305.0	-37.0
XNA	18.232613908872903	840.0	-20.0
YAK	-12.166666666666666	136.0	-48.0
YUM	6.216666666666667	329.0	-15.0
